45
0 82282 9209
1 45170194
0 -48504 98757
1 6057768
1 8100618
0 -14026 79041
0 -33510 -32378
0 -68236 14864
1 20717918
1 7630466
1 64958846
1 63517990
0 235 -48090
1 93084163
1 31148925
1 88985697
1 22958305
0 20118 -88830
1 57190786
1 43315392
0 -54462 -30313
1 85782057
1 33960381
0 -5849 86009
1 19792257
0 -86111 48049
0 63341 51185
1 52308867
0 -2169 30196
1 40455563
1 89621829
0 96327 45273
1 46502462
1 78353375
1 69104211
0 -18869 -43043
1 27684608
1 35507904
0 9965 -31797
0 49325 -32105
1 78090554
1 56814322
1 99252375
1 42501386
1 23347359
